8.499999999999999778e-01 0.000000000000000000e+00
8.507907907907907852e-01 0.000000000000000000e+00
8.515815815815815926e-01 0.000000000000000000e+00
8.523723723723724000e-01 0.000000000000000000e+00
8.531631631631630963e-01 0.000000000000000000e+00
8.539539539539539037e-01 0.000000000000000000e+00
8.547447447447447111e-01 0.000000000000000000e+00
8.555355355355355185e-01 0.000000000000000000e+00
8.563263263263263259e-01 0.000000000000000000e+00
8.571171171171171332e-01 0.000000000000000000e+00
8.579079079079079406e-01 0.000000000000000000e+00
8.586986986986986370e-01 0.000000000000000000e+00
8.594894894894894444e-01 0.000000000000000000e+00
8.602802802802802518e-01 0.000000000000000000e+00
8.610710710710710591e-01 0.000000000000000000e+00
8.618618618618618665e-01 0.000000000000000000e+00
8.626526526526526739e-01 0.000000000000000000e+00
8.634434434434433703e-01 0.000000000000000000e+00
8.642342342342341777e-01 0.000000000000000000e+00
8.650250250250249850e-01 0.000000000000000000e+00
8.658158158158157924e-01 0.000000000000000000e+00
8.666066066066065998e-01 0.000000000000000000e+00
8.673973973973974072e-01 0.000000000000000000e+00
8.681881881881882146e-01 0.000000000000000000e+00
8.689789789789789110e-01 0.000000000000000000e+00
8.697697697697697183e-01 0.000000000000000000e+00
8.705605605605605257e-01 0.000000000000000000e+00
8.713513513513513331e-01 0.000000000000000000e+00
8.721421421421421405e-01 0.000000000000000000e+00
8.729329329329329479e-01 0.000000000000000000e+00
8.737237237237236442e-01 0.000000000000000000e+00
8.745145145145144516e-01 0.000000000000000000e+00
8.753053053053052590e-01 0.000000000000000000e+00
8.760960960960960664e-01 0.000000000000000000e+00
8.768868868868868738e-01 0.000000000000000000e+00
8.776776776776776812e-01 0.000000000000000000e+00
8.784684684684684886e-01 0.000000000000000000e+00
8.792592592592591849e-01 0.000000000000000000e+00
8.800500500500499923e-01 0.000000000000000000e+00
8.808408408408407997e-01 0.000000000000000000e+00
8.816316316316316071e-01 0.000000000000000000e+00
8.824224224224224145e-01 0.000000000000000000e+00
8.832132132132132218e-01 0.000000000000000000e+00
8.840040040040040292e-01 0.000000000000000000e+00
8.847947947947947256e-01 0.000000000000000000e+00
8.855855855855855330e-01 0.000000000000000000e+00
8.863763763763763404e-01 0.000000000000000000e+00
8.871671671671671477e-01 0.000000000000000000e+00
8.879579579579579551e-01 0.000000000000000000e+00
8.887487487487487625e-01 0.000000000000000000e+00
8.895395395395395699e-01 0.000000000000000000e+00
8.903303303303302663e-01 0.000000000000000000e+00
8.911211211211210736e-01 0.000000000000000000e+00
8.919119119119118810e-01 0.000000000000000000e+00
8.927027027027026884e-01 0.000000000000000000e+00
8.934934934934934958e-01 0.000000000000000000e+00
8.942842842842843032e-01 0.000000000000000000e+00
8.950750750750749996e-01 0.000000000000000000e+00
8.958658658658658069e-01 0.000000000000000000e+00
8.966566566566566143e-01 0.000000000000000000e+00
8.974474474474474217e-01 0.000000000000000000e+00
8.982382382382382291e-01 0.000000000000000000e+00
8.990290290290290365e-01 0.000000000000000000e+00
8.998198198198197328e-01 0.000000000000000000e+00
9.006106106106105402e-01 0.000000000000000000e+00
9.014014014014013476e-01 0.000000000000000000e+00
9.021921921921921550e-01 0.000000000000000000e+00
9.029829829829829624e-01 0.000000000000000000e+00
9.037737737737737698e-01 0.000000000000000000e+00
9.045645645645645772e-01 0.000000000000000000e+00
9.053553553553552735e-01 0.000000000000000000e+00
9.061461461461460809e-01 0.000000000000000000e+00
9.069369369369368883e-01 0.000000000000000000e+00
9.077277277277276957e-01 0.000000000000000000e+00
9.085185185185185031e-01 0.000000000000000000e+00
9.093093093093093104e-01 0.000000000000000000e+00
9.101001001001001178e-01 0.000000000000000000e+00
9.108908908908908142e-01 0.000000000000000000e+00
9.116816816816816216e-01 0.000000000000000000e+00
9.124724724724724290e-01 0.000000000000000000e+00
9.132632632632632363e-01 0.000000000000000000e+00
9.140540540540540437e-01 0.000000000000000000e+00
9.148448448448448511e-01 0.000000000000000000e+00
9.156356356356356585e-01 0.000000000000000000e+00
9.164264264264263549e-01 0.000000000000000000e+00
9.172172172172171623e-01 0.000000000000000000e+00
9.180080080080079696e-01 0.000000000000000000e+00
9.187987987987987770e-01 0.000000000000000000e+00
9.195895895895895844e-01 0.000000000000000000e+00
9.203803803803803918e-01 0.000000000000000000e+00
9.211711711711711992e-01 0.000000000000000000e+00
9.219619619619618955e-01 0.000000000000000000e+00
9.227527527527527029e-01 0.000000000000000000e+00
9.235435435435435103e-01 0.000000000000000000e+00
9.243343343343343177e-01 0.000000000000000000e+00
9.251251251251251251e-01 0.000000000000000000e+00
9.259159159159158214e-01 0.000000000000000000e+00
9.267067067067066288e-01 0.000000000000000000e+00
9.274974974974974362e-01 0.000000000000000000e+00
9.282882882882882436e-01 0.000000000000000000e+00
9.290790790790790510e-01 0.000000000000000000e+00
9.298698698698698584e-01 0.000000000000000000e+00
9.306606606606606658e-01 0.000000000000000000e+00
9.314514514514513621e-01 0.000000000000000000e+00
9.322422422422421695e-01 0.000000000000000000e+00
9.330330330330329769e-01 0.000000000000000000e+00
9.338238238238237843e-01 0.000000000000000000e+00
9.346146146146145917e-01 0.000000000000000000e+00
9.354054054054053990e-01 0.000000000000000000e+00
9.361961961961962064e-01 0.000000000000000000e+00
9.369869869869869028e-01 0.000000000000000000e+00
9.377777777777777102e-01 0.000000000000000000e+00
9.385685685685685176e-01 0.000000000000000000e+00
9.393593593593593249e-01 0.000000000000000000e+00
9.401501501501501323e-01 0.000000000000000000e+00
9.409409409409409397e-01 0.000000000000000000e+00
9.417317317317317471e-01 0.000000000000000000e+00
9.425225225225224435e-01 0.000000000000000000e+00
9.433133133133132509e-01 0.000000000000000000e+00
9.441041041041040582e-01 0.000000000000000000e+00
9.448948948948948656e-01 0.000000000000000000e+00
9.456856856856856730e-01 0.000000000000000000e+00
9.464764764764764804e-01 0.000000000000000000e+00
9.472672672672672878e-01 0.000000000000000000e+00
9.480580580580579841e-01 0.000000000000000000e+00
9.488488488488487915e-01 0.000000000000000000e+00
9.496396396396395989e-01 0.000000000000000000e+00
9.504304304304304063e-01 0.000000000000000000e+00
9.512212212212212137e-01 0.000000000000000000e+00
9.520120120120120211e-01 0.000000000000000000e+00
9.528028028028028285e-01 0.000000000000000000e+00
9.535935935935935248e-01 0.000000000000000000e+00
9.543843843843843322e-01 0.000000000000000000e+00
9.551751751751751396e-01 0.000000000000000000e+00
9.559659659659659470e-01 0.000000000000000000e+00
9.567567567567567544e-01 0.000000000000000000e+00
9.575475475475474507e-01 0.000000000000000000e+00
9.583383383383382581e-01 0.000000000000000000e+00
9.591291291291290655e-01 0.000000000000000000e+00
9.599199199199198729e-01 0.000000000000000000e+00
9.607107107107106803e-01 0.000000000000000000e+00
9.615015015015014876e-01 0.000000000000000000e+00
9.622922922922922950e-01 0.000000000000000000e+00
9.630830830830829914e-01 0.000000000000000000e+00
9.638738738738737988e-01 0.000000000000000000e+00
9.646646646646646062e-01 0.000000000000000000e+00
9.654554554554554135e-01 0.000000000000000000e+00
9.662462462462462209e-01 0.000000000000000000e+00
9.670370370370370283e-01 0.000000000000000000e+00
9.678278278278278357e-01 0.000000000000000000e+00
9.686186186186185321e-01 0.000000000000000000e+00
9.694094094094093395e-01 0.000000000000000000e+00
9.702002002002001468e-01 0.000000000000000000e+00
9.709909909909909542e-01 0.000000000000000000e+00
9.717817817817817616e-01 0.000000000000000000e+00
9.725725725725725690e-01 0.000000000000000000e+00
9.733633633633633764e-01 0.000000000000000000e+00
9.741541541541540727e-01 0.000000000000000000e+00
9.749449449449448801e-01 0.000000000000000000e+00
9.757357357357356875e-01 0.000000000000000000e+00
9.765265265265264949e-01 0.000000000000000000e+00
9.773173173173173023e-01 0.000000000000000000e+00
9.781081081081081097e-01 0.000000000000000000e+00
9.788988988988989171e-01 0.000000000000000000e+00
9.796896896896896134e-01 0.000000000000000000e+00
9.804804804804804208e-01 0.000000000000000000e+00
9.812712712712712282e-01 0.000000000000000000e+00
9.820620620620620356e-01 0.000000000000000000e+00
9.828528528528528430e-01 0.000000000000000000e+00
9.836436436436435393e-01 0.000000000000000000e+00
9.844344344344344577e-01 0.000000000000000000e+00
9.852252252252251541e-01 0.000000000000000000e+00
9.860160160160159615e-01 0.000000000000000000e+00
9.868068068068067689e-01 0.000000000000000000e+00
9.875975975975975762e-01 0.000000000000000000e+00
9.883883883883883836e-01 0.000000000000000000e+00
9.891791791791790800e-01 0.000000000000000000e+00
9.899699699699699984e-01 0.000000000000000000e+00
9.907607607607606948e-01 0.000000000000000000e+00
9.915515515515515022e-01 0.000000000000000000e+00
9.923423423423423095e-01 0.000000000000000000e+00
9.931331331331331169e-01 0.000000000000000000e+00
9.939239239239239243e-01 0.000000000000000000e+00
9.947147147147146207e-01 0.000000000000000000e+00
9.955055055055054281e-01 0.000000000000000000e+00
9.962962962962962354e-01 0.000000000000000000e+00
9.970870870870870428e-01 0.000000000000000000e+00
9.978778778778778502e-01 0.000000000000000000e+00
9.986686686686686576e-01 7.316082933545639891e-03
9.994594594594594650e-01 1.685281882197649933e-02
1.000250250250250161e+00 2.638955471040602130e-02
1.001041041041041080e+00 3.592629059883822168e-02
1.001831831831831776e+00 4.546302648726774365e-02
1.002622622622622472e+00 5.499976237569726562e-02
1.003413413413413391e+00 6.453649826412946600e-02
1.004204204204204087e+00 7.407323415255898102e-02
1.004994994994995006e+00 8.360997004099118834e-02
1.005785785785785702e+00 9.314670592942070337e-02
1.006576576576576620e+00 9.595021367909700727e-02
1.007367367367367317e+00 9.850502771546607028e-02
1.008158158158158013e+00 1.010598417518351333e-01
1.008948948948948932e+00 1.036146557882049180e-01
1.009739739739739628e+00 1.061694698245739810e-01
1.010530530530530546e+00 1.087242838609437656e-01
1.011321321321321243e+00 1.112790978973128286e-01
1.012112112112112161e+00 1.138339119336826133e-01
1.012902902902902857e+00 1.163887259700516763e-01
1.013693693693693554e+00 1.189435400064207393e-01
1.014484484484484472e+00 1.214983540427905240e-01
1.015275275275275169e+00 1.240531680791595870e-01
1.016066066066066087e+00 1.266079821155293716e-01
1.016856856856856783e+00 1.291627961518984347e-01
1.017647647647647702e+00 1.317176101882682193e-01
1.018438438438438398e+00 1.342724242246372823e-01
1.019229229229229094e+00 1.368272382610063453e-01
1.020020020020020013e+00 1.393820522973761300e-01
1.020810810810810709e+00 1.419368663337451930e-01
1.021601601601601628e+00 1.444916803701149777e-01
1.022392392392392324e+00 1.470464944064840407e-01
1.023183183183183242e+00 1.496013084428538253e-01
1.023973973973973939e+00 1.521561224792228884e-01
1.024764764764764635e+00 1.547109365155919514e-01
1.025555555555555554e+00 1.572657505519617360e-01
1.026346346346346250e+00 1.598205645883307990e-01
1.027137137137137168e+00 1.623753786247005837e-01
1.027927927927927865e+00 1.649301926610696467e-01
1.028718718718718783e+00 1.674850066974394314e-01
1.029509509509509479e+00 1.700398207338084944e-01
1.030300300300300176e+00 1.725946347701775574e-01
1.031091091091091094e+00 1.751494488065473421e-01
1.031881881881881791e+00 1.777042628429164051e-01
1.032672672672672709e+00 1.802590768792861897e-01
1.033463463463463405e+00 1.828138909156552527e-01
1.034254254254254324e+00 1.853687049520250374e-01
1.035045045045045020e+00 1.879235189883941004e-01
1.035835835835835717e+00 1.904783330247631634e-01
1.036626626626626635e+00 1.930331470611329481e-01
1.037417417417417331e+00 1.955879610975020111e-01
1.038208208208208250e+00 1.981427751338717957e-01
1.038998998998998946e+00 2.007965567520157979e-01
1.039789789789789864e+00 2.036784066592898790e-01
1.040580580580580561e+00 2.065602565665631829e-01
1.041371371371371257e+00 2.094421064738364591e-01
1.042162162162162176e+00 2.123239563811105679e-01
1.042952952952952872e+00 2.152058062883838718e-01
1.043743743743743790e+00 2.180876561956579529e-01
1.044534534534534487e+00 2.209695061029312568e-01
1.045325325325325183e+00 2.238513560102045330e-01
1.046116116116116102e+00 2.267332059174786418e-01
1.046906906906906798e+00 2.296150558247519458e-01
1.047697697697697716e+00 2.324969057320260268e-01
1.048488488488488413e+00 2.353787556392993308e-01
1.049279279279279109e+00 2.382606055465726069e-01
1.050070070070070027e+00 2.411424554538467158e-01
1.050860860860860724e+00 2.440243053611200197e-01
1.051651651651651642e+00 2.469061552683941008e-01
1.052442442442442339e+00 2.497880051756674047e-01
1.053233233233233257e+00 2.526698550829414858e-01
1.054024024024023953e+00 2.555517049902147897e-01
1.054814814814814650e+00 2.584335548974880936e-01
1.055605605605605568e+00 2.613154048047621747e-01
1.056396396396396264e+00 2.641972547120354786e-01
1.057187187187187183e+00 2.670791046193095597e-01
1.057977977977977879e+00 2.699609545265828636e-01
1.058768768768768798e+00 2.728428044338569447e-01
1.059559559559559494e+00 2.757246543411302486e-01
1.060350350350350190e+00 2.786065042484035525e-01
1.061141141141141109e+00 2.814883541556776336e-01
1.061931931931931805e+00 2.843702040629509376e-01
1.062722722722722724e+00 2.872520539702250186e-01
1.063513513513513420e+00 2.901339038774983226e-01
1.064304304304304338e+00 2.929327804915113909e-01
1.065095095095095035e+00 2.956275963727676426e-01
1.065885885885885731e+00 2.983224122540238943e-01
1.066676676676676649e+00 3.010172281352808676e-01
1.067467467467467346e+00 3.037120440165371194e-01
1.068258258258258264e+00 3.064068598977941482e-01
1.069049049049048961e+00 3.091016757790503444e-01
1.069839839839839879e+00 3.117964916603073733e-01
1.070630630630630575e+00 3.144913075415635695e-01
1.071421421421421272e+00 3.171861234228198212e-01
1.072212212212212190e+00 3.198809393040768501e-01
1.073003003003002886e+00 3.225757551853330463e-01
1.073793793793793805e+00 3.252705710665900751e-01
1.074584584584584501e+00 3.279653869478462713e-01
1.075375375375375420e+00 3.306602028291033002e-01
1.076166166166166116e+00 3.333550187103595519e-01
1.076956956956956812e+00 3.360498345916157481e-01
1.077747747747747731e+00 3.388390665004776259e-01
1.078538538538538427e+00 3.418608255476600633e-01
1.079329329329329346e+00 3.448825845948433333e-01
1.080120120120120042e+00 3.479043436420257152e-01
1.080910910910910960e+00 3.509261026892089852e-01
1.081701701701701657e+00 3.539478617363914226e-01
1.082492492492492353e+00 3.569696207835738044e-01
1.083283283283283271e+00 3.599913798307570745e-01
1.084074074074073968e+00 3.630131388779395119e-01
1.084864864864864886e+00 3.660348979251227819e-01
1.085655655655655583e+00 3.690566569723051638e-01
1.086446446446446501e+00 3.720784160194884338e-01
1.087237237237237197e+00 3.751001750666708712e-01
1.088028028028027894e+00 3.781219341138532530e-01
1.088818818818818812e+00 3.811436931610365231e-01
1.089609609609609508e+00 3.841654522082189605e-01
1.090400400400400427e+00 3.871872112554022305e-01
1.091191191191191123e+00 3.902089703025846124e-01
1.091981981981982042e+00 3.932307293497678824e-01
1.092772772772772738e+00 3.962524883969503198e-01
1.093563563563563434e+00 3.992742474441327016e-01
1.094354354354354353e+00 4.022960064913159717e-01
1.095145145145145049e+00 4.052522188273072201e-01
1.095935935935935968e+00 4.079921270163683888e-01
1.096726726726726664e+00 4.107320352054288359e-01
1.097517517517517582e+00 4.134719433944900047e-01
1.098308308308308279e+00 4.162118515835503962e-01
1.099099099099098975e+00 4.189517597726107878e-01
1.099889889889889893e+00 4.216916679616719565e-01
1.100680680680680590e+00 4.244315761507323481e-01
1.101471471471471286e+00 4.271714843397927952e-01
1.102262262262262205e+00 4.299113925288539639e-01
1.103053053053053123e+00 4.326513007179151327e-01
1.103843843843843819e+00 4.353912089069755242e-01
1.104634634634634516e+00 4.381311170960359158e-01
1.105425425425425434e+00 4.408710252850970845e-01
1.106216216216216131e+00 4.436109334741574761e-01
1.107007007007006827e+00 4.463508416632179232e-01
1.107797797797797745e+00 4.490907498522790919e-01
1.108588588588588664e+00 4.518306580413402607e-01
1.109379379379379360e+00 4.545705662304006522e-01
1.110170170170170056e+00 4.573104744194610438e-01
1.110960960960960975e+00 4.600503826085222125e-01
1.111751751751751671e+00 4.627902907975826041e-01
1.112542542542542368e+00 4.655301989866430512e-01
1.113333333333333286e+00 4.682701071757042199e-01
1.114124124124124204e+00 4.710100153647653887e-01
1.114914914914914901e+00 4.737499235538257802e-01
1.115705705705705597e+00 4.764898317428861718e-01
1.116496496496496516e+00 4.792297399319473961e-01
1.117287287287287212e+00 4.819696481210077321e-01
1.118078078078077908e+00 4.847095563100681792e-01
1.118868868868868827e+00 4.874494644991293479e-01
1.119659659659659523e+00 4.901893726881897395e-01
1.120450450450450441e+00 4.929292808772509082e-01
1.121241241241241138e+00 4.956691890663112998e-01
1.122032032032032056e+00 4.984090972553725241e-01
1.122822822822822753e+00 5.027805845853734468e-01
1.123613613613613449e+00 5.072884271737240214e-01
1.124404404404404367e+00 5.117962697620759283e-01
1.125195195195195064e+00 5.163041123504266139e-01
1.125985985985985982e+00 5.207736974262398011e-01
1.126776776776776678e+00 5.235012554927805928e-01
1.127567567567567597e+00 5.262288135593221616e-01
1.128358358358358293e+00 5.289563716258629533e-01
1.129149149149148990e+00 5.316839296924037450e-01
1.129939939939939908e+00 5.344114877589453139e-01
1.130730730730730604e+00 5.371390458254861056e-01
1.131521521521521523e+00 5.398666038920276744e-01
1.132312312312312219e+00 5.425941619585684661e-01
1.133103103103103138e+00 5.453217200251100349e-01
1.133893893893893834e+00 5.480492780916508266e-01
1.134684684684684530e+00 5.507768361581916183e-01
1.135475475475475449e+00 5.535043942247331872e-01
1.136266266266266145e+00 5.562319522912739789e-01
1.137057057057057063e+00 5.589595103578155477e-01
1.137847847847847760e+00 5.616870684243563394e-01
1.138638638638638678e+00 5.644146264908979083e-01
1.139429429429429375e+00 5.671421845574387000e-01
1.140220220220220071e+00 5.698697426239794916e-01
1.141011011011010989e+00 5.725973006905210605e-01
1.141801801801801686e+00 5.755754615474754088e-01
1.142592592592592604e+00 5.789054949707297393e-01
1.143383383383383300e+00 5.822355283939831816e-01
1.144174174174174219e+00 5.855655618172374011e-01
1.144964964964964915e+00 5.888955952404908434e-01
1.145755755755755612e+00 5.922256286637441747e-01
1.146546546546546530e+00 5.955556620869985052e-01
1.147337337337337226e+00 5.988856955102518365e-01
1.148128128128128145e+00 6.022157289335061670e-01
1.148918918918918841e+00 6.055457623567594982e-01
1.149709709709709760e+00 6.085228024634807831e-01
1.150500500500500456e+00 6.112771669975058941e-01
1.151291291291291152e+00 6.140315315315312272e-01
1.152082082082082071e+00 6.167858960655571154e-01
1.152872872872872767e+00 6.195402605995823375e-01
1.153663663663663463e+00 6.222946251336075596e-01
1.154454454454454382e+00 6.250489896676335588e-01
1.155245245245245300e+00 6.278033542016595581e-01
1.156036036036035997e+00 6.305577187356847801e-01
1.156826826826826693e+00 6.333120832697100022e-01
1.157617617617617611e+00 6.360664478037360015e-01
1.158408408408408308e+00 6.388208123377612235e-01
1.159199199199199004e+00 6.415751768717864456e-01
1.159989989989989922e+00 6.443295414058124448e-01
1.160780780780780841e+00 6.470839059398384441e-01
1.161571571571571537e+00 6.498382704738636662e-01
1.162362362362362234e+00 6.525926350078888882e-01
1.163153153153153152e+00 6.553469995419148875e-01
1.163943943943943848e+00 6.581013640759401095e-01
1.164734734734734545e+00 6.608557286099653316e-01
1.165525525525525463e+00 6.636100931439913309e-01
1.166316316316316382e+00 6.663644576780173301e-01
1.167107107107107078e+00 6.691188222120425522e-01
1.167897897897897774e+00 6.718731867460677742e-01
1.168688688688688693e+00 6.747919087396422322e-01
1.169479479479479389e+00 6.790928724151816809e-01
1.170270270270270085e+00 6.833938360907212406e-01
1.171061061061061004e+00 6.876947997662617995e-01
1.171851851851851922e+00 6.919957634418024695e-01
1.172642642642642619e+00 6.962967271173419181e-01
1.173433433433433315e+00 7.005976907928814779e-01
1.174224224224224233e+00 7.048986544684220368e-01
1.175015015015014930e+00 7.091996181439614855e-01
1.175805805805805626e+00 7.135005818195010452e-01
1.176596596596596545e+00 7.178015454950417151e-01
1.177387387387387241e+00 7.221025091705811638e-01
1.178178178178178159e+00 7.264034728461218338e-01
1.178968968968968856e+00 7.292875586136651211e-01
1.179759759759759774e+00 7.319271021119662102e-01
1.180550550550550470e+00 7.345666456102664110e-01
1.181341341341341167e+00 7.372061891085667229e-01
1.182132132132132085e+00 7.398457326068677009e-01
1.182922922922922782e+00 7.424852761051679018e-01
1.183713713713713700e+00 7.451248196034688798e-01
1.184504504504504396e+00 7.477643631017691916e-01
1.185295295295295315e+00 7.504039066000701697e-01
1.186086086086086011e+00 7.530434500983703705e-01
1.186876876876876707e+00 7.556829935966706824e-01
1.187667667667667626e+00 7.583225370949716604e-01
1.188458458458458322e+00 7.609620805932719723e-01
1.189249249249249241e+00 7.636016240915729503e-01
1.190040040040039937e+00 7.662411675898731511e-01
1.190830830830830855e+00 7.688807110881741291e-01
1.191621621621621552e+00 7.715202545864744410e-01
1.192412412412412248e+00 7.741597980847746419e-01
1.193203203203203167e+00 7.767993415830756199e-01
1.193993993993993863e+00 7.794388850813759317e-01
1.194784784784784781e+00 7.820784285796769097e-01
1.195575575575575478e+00 7.847179720779772216e-01
1.196366366366366396e+00 7.873575155762781996e-01
1.197157157157157092e+00 7.899970590745784005e-01
1.197947947947947789e+00 7.926366025728787124e-01
1.198738738738738707e+00 7.952761460711796904e-01
1.199529529529529404e+00 7.979156895694798912e-01
1.200320320320320322e+00 8.005552330677809802e-01
1.201111111111111018e+00 8.031947765660811811e-01
1.201901901901901937e+00 8.053527256069630269e-01
1.202692692692692633e+00 8.069088410444342774e-01
1.203483483483483329e+00 8.084649564819054168e-01
1.204274274274274248e+00 8.100210719193771114e-01
1.205065065065064944e+00 8.115771873568482508e-01
1.205855855855855863e+00 8.131333027943198344e-01
1.206646646646646559e+00 8.146894182317910849e-01
1.207437437437437477e+00 8.161016949152541944e-01
1.208228228228228174e+00 8.161016949152541944e-01
1.209019019019018870e+00 8.161016949152541944e-01
1.209809809809809789e+00 8.161016949152541944e-01
1.210600600600600485e+00 8.161016949152541944e-01
1.211391391391391403e+00 8.161016949152541944e-01
1.212182182182182100e+00 8.161016949152541944e-01
1.212972972972973018e+00 8.161016949152541944e-01
1.213763763763763714e+00 8.161016949152541944e-01
1.214554554554554411e+00 8.161016949152541944e-01
1.215345345345345329e+00 8.161016949152541944e-01
1.216136136136136026e+00 8.161016949152541944e-01
1.216926926926926722e+00 8.161016949152541944e-01
1.217717717717717640e+00 8.150572606504810080e-01
1.218508508508508559e+00 8.138123683005036302e-01
1.219299299299299255e+00 8.125674759505266964e-01
1.220090090090089952e+00 8.113225836005497627e-01
1.220880880880880870e+00 8.100776912505724958e-01
1.221671671671671566e+00 8.088327989005955621e-01
1.222462462462462263e+00 8.075879065506185173e-01
1.223253253253253181e+00 8.063430142006412504e-01
1.224044044044044099e+00 8.050981218506639836e-01
1.224834834834834796e+00 8.038532295006870498e-01
1.225625625625625492e+00 8.026083371507100050e-01
1.226416416416416411e+00 8.013634448007327382e-01
1.227207207207207107e+00 8.019104443426474660e-01
1.227997997997997803e+00 8.037259123530304805e-01
1.228788788788788722e+00 8.055413803634140502e-01
1.229579579579579640e+00 8.073568483737976198e-01
1.230370370370370336e+00 8.091723163841806343e-01
1.231161161161161033e+00 8.109877843945637599e-01
1.231951951951951951e+00 8.128032524049473295e-01
1.232742742742742648e+00 8.146187204153303441e-01
1.233533533533533344e+00 8.164341884257133586e-01
1.234324324324324262e+00 8.182496564360969282e-01
1.235115115115115181e+00 8.200651244464804979e-01
1.235905905905905877e+00 8.218805924568636234e-01
1.236696696696696574e+00 8.236960604672466379e-01
1.237487487487487492e+00 8.255115284776302076e-01
1.238278278278278188e+00 8.273269964880132221e-01
1.239069069069068885e+00 8.265137425561156492e-01
1.239859859859859803e+00 8.253466559780119338e-01
1.240650650650650499e+00 8.241795693999085515e-01
1.241441441441441418e+00 8.230124828218048361e-01
1.242232232232232114e+00 8.218453962437014537e-01
1.243023023023023033e+00 8.206783096655977383e-01
1.243813813813813729e+00 8.195112230874943560e-01
1.244604604604604425e+00 8.183441365093909736e-01
1.245395395395395344e+00 8.171770499312872582e-01
1.246186186186186040e+00 8.161191675937438106e-01
1.246976976976976959e+00 8.163414697990968305e-01
1.247767767767767655e+00 8.165637720044498504e-01
1.248558558558558573e+00 8.167860742098029814e-01
1.249349349349349270e+00 8.170083764151560013e-01
1.250140140140139966e+00 8.172306786205090212e-01
1.250930930930930884e+00 8.174529808258621522e-01
1.251721721721721581e+00 8.176752830312151721e-01
1.252512512512512499e+00 8.178975852365681920e-01
1.253303303303303196e+00 8.181198874419212119e-01
1.254094094094094114e+00 8.183421896472743429e-01
1.254884884884884810e+00 8.185644918526273628e-01
1.255675675675675507e+00 8.187867940579803827e-01
1.256466466466466425e+00 8.190090962633335137e-01
1.257257257257257121e+00 8.192313984686865336e-01
1.258048048048048040e+00 8.194537006740395535e-01
1.258838838838838736e+00 8.196760028793925734e-01
1.259629629629629655e+00 8.198983050847457044e-01
1.260420420420420351e+00 8.199665925004907541e-01
1.261211211211211047e+00 8.200221680518289258e-01
1.262002002002001966e+00 8.200777436031672085e-01
1.262792792792792662e+00 8.201333191545054913e-01
1.263583583583583581e+00 8.201888947058437740e-01
1.264374374374374277e+00 8.202444702571820567e-01
1.265165165165165195e+00 8.203000458085203395e-01
1.265955955955955892e+00 8.203556213598585112e-01
1.266746746746746588e+00 8.204111969111967939e-01
1.267537537537537506e+00 8.204667724625350766e-01
1.268328328328328203e+00 8.205223480138733594e-01
1.269119119119119121e+00 8.205779235652116421e-01
1.269909909909909818e+00 8.206334991165499249e-01
1.270700700700700736e+00 8.206890746678880966e-01
1.271491491491491432e+00 8.207446502192263793e-01
1.272282282282282129e+00 8.208002257705646620e-01
1.273073073073073047e+00 8.208558013219029448e-01
1.273863863863863743e+00 8.209113768732412275e-01
1.274654654654654440e+00 8.209669524245793992e-01
1.275445445445445358e+00 8.210225279759176820e-01
1.276236236236236277e+00 8.210781035272559647e-01
1.277027027027026973e+00 8.211336790785942474e-01
1.277817817817817669e+00 8.211892546299325302e-01
1.278608608608608588e+00 8.212448301812708129e-01
1.279399399399399284e+00 8.213004057326089846e-01
1.280190190190189981e+00 8.213559812839472674e-01
1.280980980980980899e+00 8.214115568352855501e-01
1.281771771771771817e+00 8.214671323866238328e-01
1.282562562562562514e+00 8.215227079379621156e-01
1.283353353353353210e+00 8.215782834893002873e-01
1.284144144144144128e+00 8.216338590406385700e-01
1.284934934934934825e+00 8.216894345919768528e-01
1.285725725725725521e+00 8.217450101433151355e-01
1.286516516516516440e+00 8.218005856946534182e-01
1.287307307307307358e+00 8.216627729424338389e-01
1.288098098098098054e+00 8.214034203695219638e-01
1.288888888888888751e+00 8.211440677966100887e-01
1.289679679679679669e+00 8.208847152236982136e-01
1.290470470470470365e+00 8.206253626507863386e-01
1.291261261261261062e+00 8.203660100778744635e-01
1.292052052052051980e+00 8.201066575049624774e-01
1.292842842842842899e+00 8.198473049320506023e-01
1.293633633633633595e+00 8.195879523591387272e-01
1.294424424424424291e+00 8.193285997862268522e-01
1.295215215215215210e+00 8.190692472133148661e-01
1.296006006006005906e+00 8.188098946404031020e-01
1.296796796796796603e+00 8.185505420674912269e-01
1.297587587587587521e+00 8.182911894945792408e-01
1.298378378378378217e+00 8.180318369216673657e-01
1.299169169169169136e+00 8.185748511223087664e-01
1.299959959959959832e+00 8.191972972972971778e-01
1.300750750750750750e+00 8.198197434722859223e-01
1.301541541541541447e+00 8.204421896472743336e-01
1.302332332332332143e+00 8.210646358222628560e-01
1.303123123123123062e+00 8.216870819972514894e-01
1.303913913913913758e+00 8.223095281722399008e-01
1.304704704704704676e+00 8.229319743472285342e-01
1.305495495495495373e+00 8.235544205222170566e-01
1.306286286286286291e+00 8.241768666972056900e-01
1.307077077077076988e+00 8.247993128721941014e-01
1.307867867867867684e+00 8.254217590471826238e-01
1.308658658658658602e+00 8.257377462207969865e-01
1.309449449449449299e+00 8.258933577645440893e-01
1.310240240240240217e+00 8.260489693082911922e-01
1.311031031031030913e+00 8.262045808520384060e-01
1.311821821821821832e+00 8.263601923957855089e-01
1.312612612612612528e+00 8.265158039395326117e-01
1.313403403403403225e+00 8.266714154832798256e-01
1.314194194194194143e+00 8.268270270270269284e-01
1.314984984984984839e+00 8.269826385707740313e-01
1.315775775775775758e+00 8.271382501145212451e-01
1.316566566566566454e+00 8.272938616582683480e-01
1.317357357357357373e+00 8.274494732020155618e-01
1.318148148148148069e+00 8.276207627118643551e-01
1.318938938938938765e+00 8.278152771415482336e-01
1.319729729729729684e+00 8.280097915712322232e-01
1.320520520520520380e+00 8.282043060009161017e-01
1.321311311311311298e+00 8.283988204306000913e-01
1.322102102102101995e+00 8.285933348602839699e-01
1.322892892892892913e+00 8.287878492899678484e-01
1.323683683683683610e+00 8.289823637196518380e-01
1.324474474474474306e+00 8.291768781493357166e-01
1.325265265265265224e+00 8.293713925790195951e-01
1.326056056056055921e+00 8.295659070087035847e-01
1.326846846846846839e+00 8.297604214383874632e-01
1.327637637637637535e+00 8.299549358680714528e-01
1.328428428428428454e+00 8.301494502977553314e-01
1.329219219219219150e+00 8.303439647274392099e-01
1.330010010010009847e+00 8.305384791571231995e-01
1.330800800800800765e+00 8.307329935868070780e-01
1.331591591591591461e+00 8.309275080164910676e-01
1.332382382382382380e+00 8.311220224461749462e-01
1.333173173173173076e+00 8.313165368758588247e-01
1.333963963963963995e+00 8.315110513055428143e-01
1.334754754754754691e+00 8.317055657352266929e-01
1.335545545545545387e+00 8.319000801649105714e-01
1.336336336336336306e+00 8.320945945945945610e-01
1.337127127127127002e+00 8.322891090242784395e-01
1.337917917917917698e+00 8.324836234539624291e-01
1.338708708708708617e+00 8.326781378836463077e-01
1.339499499499499535e+00 8.328726523133302972e-01
1.340290290290290232e+00 8.330671667430141758e-01
1.341081081081080928e+00 8.332616811726980544e-01
1.341871871871871846e+00 8.334561956023820439e-01
1.342662662662662543e+00 8.336507100320659225e-01
1.343453453453453239e+00 8.338452244617498010e-01
1.344244244244244157e+00 8.340397388914337906e-01
1.345035035035035076e+00 8.342342533211177802e-01
1.345825825825825772e+00 8.344287677508016587e-01
1.346616616616616469e+00 8.346232821804855373e-01
1.347407407407407387e+00 8.348177966101695269e-01
1.348198198198198083e+00 8.350123110398534054e-01
1.348988988988988780e+00 8.350201557489694837e-01
1.349779779779779698e+00 8.342420980302336364e-01
1.350570570570570617e+00 8.334640403114979001e-01
1.351361361361361313e+00 8.326859825927622749e-01
1.352152152152152009e+00 8.319079248740266497e-01
1.352942942942942928e+00 8.311298671552908024e-01
1.353733733733733624e+00 8.303518094365552882e-01
1.354524524524524320e+00 8.295737517178196629e-01
1.355315315315315239e+00 8.287956939990838157e-01
1.356106106106106157e+00 8.280176362803480794e-01
1.356896896896896854e+00 8.277153982069236360e-01
1.357687687687687550e+00 8.281600026176296758e-01
1.358478478478478468e+00 8.286046070283358267e-01
1.359269269269269165e+00 8.290492114390418665e-01
1.360060060060059861e+00 8.294938158497479064e-01
1.360850850850850779e+00 8.299384202604541683e-01
1.361641641641641698e+00 8.303830246711603191e-01
1.362432432432432394e+00 8.308276290818663590e-01
1.363223223223223091e+00 8.312722334925723988e-01
1.364014014014014009e+00 8.317168379032785497e-01
1.364804804804804705e+00 8.321614423139845895e-01
1.365595595595595402e+00 8.326060467246907404e-01
1.366386386386386320e+00 8.330506511353968913e-01
1.367177177177177239e+00 8.334952555461030421e-01
1.367967967967967713e+00 8.339398599568089709e-01
1.368758758758758631e+00 8.343844643675151218e-01
1.369549549549549550e+00 8.348290687782213837e-01
1.370340340340340246e+00 8.353062299587722395e-01
1.371131131131130942e+00 8.358897732478239861e-01
1.371921921921921861e+00 8.364733165368758439e-01
1.372712712712712779e+00 8.370568598259275905e-01
1.373503503503503254e+00 8.376404031149791152e-01
1.374294294294294172e+00 8.382239464040309729e-01
1.375085085085085090e+00 8.388074896930828306e-01
1.375875875875875787e+00 8.393910329821344662e-01
1.376666666666666483e+00 8.399745762711862129e-01
1.377457457457457402e+00 8.405581195602380706e-01
1.378248248248248320e+00 8.413934951901053116e-01
1.379039039039038794e+00 8.425605817682083609e-01
1.379829829829829713e+00 8.437276683463120763e-01
1.380620620620620631e+00 8.448947549244157917e-01
1.381411411411411327e+00 8.460618415025191741e-01
1.382202202202202024e+00 8.472289280806225564e-01
1.382992992992992942e+00 8.483960146587262718e-01
1.383783783783783639e+00 8.495631012368296542e-01
1.384574574574574335e+00 8.507301878149331475e-01
1.385365365365365253e+00 8.518972743930368630e-01
1.386156156156156172e+00 8.530643609711405784e-01
1.386946946946946868e+00 8.542314475492439607e-01
1.387737737737737564e+00 8.553985341273473431e-01
1.388528528528528483e+00 8.565656207054510585e-01
1.389319319319319179e+00 8.577327072835544408e-01
1.390110110110109876e+00 8.614466330737501343e-01
1.390900900900900794e+00 8.661149793861649959e-01
1.391691691691691712e+00 8.707833256985798576e-01
1.392482482482482409e+00 8.754516720109933869e-01
1.393273273273273105e+00 8.801200183234069163e-01
1.394064064064064024e+00 8.847883646358217780e-01
1.394854854854854720e+00 8.894567109482353073e-01
1.395645645645645416e+00 8.941250572606489477e-01
1.396436436436436335e+00 8.987934035730636984e-01
1.397227227227227253e+00 9.034617498854785600e-01
1.398018018018017949e+00 9.025802630717886244e-01
1.398808808808808646e+00 9.012464498396705048e-01
1.399599599599599564e+00 8.999126366075519412e-01
1.400390390390390261e+00 8.985788233754338217e-01
1.401181181181180957e+00 8.972450101433157021e-01
1.401971971971971875e+00 8.959111969111971385e-01
1.402762762762762794e+00 8.945773836790785749e-01
1.403553553553553490e+00 8.932435704469604554e-01
1.404344344344344186e+00 8.919097572148423358e-01
1.405135135135135105e+00 8.905759439827237722e-01
1.405925925925925801e+00 8.892421307506056527e-01
1.406716716716716498e+00 8.879083175184874221e-01
1.407507507507507416e+00 8.865745042863688585e-01
1.408298298298298334e+00 8.852406910542504059e-01
1.409089089089089031e+00 8.839068778221321754e-01
1.409879879879879727e+00 8.825730645900140559e-01
1.410670670670670646e+00 8.812392513578954922e-01
1.411461461461461342e+00 8.809987529902782999e-01
1.412252252252252038e+00 8.810852038479156656e-01
1.413043043043042957e+00 8.811716547055529203e-01
1.413833833833833875e+00 8.812581055631902860e-01
1.414624624624624571e+00 8.813445564208275407e-01
1.415415415415415268e+00 8.814310072784647954e-01
1.416206206206206186e+00 8.815174581361021611e-01
1.416996996996996883e+00 8.816039089937394158e-01
1.417787787787787579e+00 8.816903598513766704e-01
1.418578578578578497e+00 8.817768107090140361e-01
1.419369369369369416e+00 8.818632615666514019e-01
1.420160160160160112e+00 8.819497124242886565e-01
1.420950950950950809e+00 8.820361632819259112e-01
1.421741741741741727e+00 8.821226141395632769e-01
1.422532532532532423e+00 8.822090649972005316e-01
1.423323323323323120e+00 8.822955158548377863e-01
1.424114114114114038e+00 8.823819667124751520e-01
1.424904904904904956e+00 8.824684175701124067e-01
1.425695695695695653e+00 8.825548684277497724e-01
1.426486486486486349e+00 8.826413192853870271e-01
1.427277277277277268e+00 8.827277701430242818e-01
1.428068068068067964e+00 8.828142210006616475e-01
1.428858858858858660e+00 8.823763169949612184e-01
1.429649649649649579e+00 8.817279355626813642e-01
1.430440440440440497e+00 8.810795541304015099e-01
1.431231231231230971e+00 8.804311726981220998e-01
1.432022022022021890e+00 8.797827912658422456e-01
1.432812812812812808e+00 8.791344098335623913e-01
1.433603603603603505e+00 8.784860284012827591e-01
1.434394394394394201e+00 8.778376469690031270e-01
1.435185185185185119e+00 8.771892655367232727e-01
1.435975975975976038e+00 8.765408841044434185e-01
1.436766766766766512e+00 8.758925026721638973e-01
1.437557557557557431e+00 8.752441212398840431e-01
1.438348348348348349e+00 8.745957398076041889e-01
1.439139139139139045e+00 8.739473583753245567e-01
1.439929929929929742e+00 8.733056955260344312e-01
1.440720720720720660e+00 8.733705336692624277e-01
1.441511511511511578e+00 8.734353718124904242e-01
1.442302302302302053e+00 8.735002099557183097e-01
1.443093093093092971e+00 8.735650480989463063e-01
1.443883883883883890e+00 8.736298862421743028e-01
1.444674674674674586e+00 8.736947243854022993e-01
1.445465465465465282e+00 8.737595625286301848e-01
1.446256256256256201e+00 8.738244006718581813e-01
1.447047047047046897e+00 8.738892388150861779e-01
1.447837837837837593e+00 8.739540769583141744e-01
1.448628628628628512e+00 8.740189151015421709e-01
1.449419419419419430e+00 8.740837532447701674e-01
1.450210210210210127e+00 8.741485913879980529e-01
1.451001001001000823e+00 8.742134295312260495e-01
1.451791791791791741e+00 8.742782676744540460e-01
1.452582582582582438e+00 8.743431058176820425e-01
1.453373373373373134e+00 8.744079439609100390e-01
1.454164164164164053e+00 8.744727821041380356e-01
1.454954954954954971e+00 8.745376202473660321e-01
1.455745745745745667e+00 8.746024583905939176e-01
1.456536536536536364e+00 8.746672965338219141e-01
1.457327327327327282e+00 8.747321346770499106e-01
1.458118118118117978e+00 8.747969728202779072e-01
1.458908908908908675e+00 8.748618109635057927e-01
1.459699699699699593e+00 8.749266491067337892e-01
1.460490490490490512e+00 8.749914872499617857e-01
1.461281281281281208e+00 8.750563253931897822e-01
1.462072072072071904e+00 8.751211635364177788e-01
1.462862862862862823e+00 8.751860016796457753e-01
1.463653653653653519e+00 8.749520282994860398e-01
1.464444444444444215e+00 8.745197740112996554e-01
1.465235235235235134e+00 8.740875197231130489e-01
1.466026026026026052e+00 8.736552654349264424e-01
1.466816816816816749e+00 8.732230111467400580e-01
1.467607607607607445e+00 8.727907568585535625e-01
1.468398398398398363e+00 8.723585025703670670e-01
1.469189189189189060e+00 8.719262482821805715e-01
1.469979979979979756e+00 8.714939939939940761e-01
1.470770770770770675e+00 8.710617397058075806e-01
1.471561561561561593e+00 8.706294854176209741e-01
1.472352352352352289e+00 8.701972311294344786e-01
1.473143143143142986e+00 8.697649768412480942e-01
1.473933933933933904e+00 8.693327225530614877e-01
1.474724724724724600e+00 8.689004682648749922e-01
1.475515515515515297e+00 8.684682139766886078e-01
1.476306306306306215e+00 8.680359596885020013e-01
1.477097097097097134e+00 8.676037054003153948e-01
1.477887887887887830e+00 8.671714511121290103e-01
1.478678678678678526e+00 8.667391968239425148e-01
1.479469469469469445e+00 8.663069425357560194e-01
1.480260260260260141e+00 8.658746882475695239e-01
1.481051051051050838e+00 8.655623412318326215e-01
1.481841841841841756e+00 8.653501436721774409e-01
1.482632632632632674e+00 8.651379461125222603e-01
1.483423423423423371e+00 8.649257485528670797e-01
1.484214214214214067e+00 8.647135509932118991e-01
1.485005005005004985e+00 8.645013534335567185e-01
1.485795795795795682e+00 8.642891558739015379e-01
1.486586586586586378e+00 8.640769583142463572e-01
1.487377377377377297e+00 8.638647607545911766e-01
1.488168168168168215e+00 8.636525631949359960e-01
1.488958958958958689e+00 8.634403656352808154e-01
1.489749749749749608e+00 8.632281680756256348e-01
1.490540540540540526e+00 8.630159705159704542e-01
1.491331331331331223e+00 8.628037729563152736e-01
1.492122122122121919e+00 8.625915753966600930e-01
1.492912912912912837e+00 8.623793778370049123e-01
1.493703703703703756e+00 8.621671802773496207e-01
1.494494494494494230e+00 8.619549827176945511e-01
1.495285285285285148e+00 8.617427851580393705e-01
1.496076076076076067e+00 8.615305875983840789e-01
1.496866866866866763e+00 8.613183900387290093e-01
1.497657657657657460e+00 8.611061924790738287e-01
1.498448448448448378e+00 8.608939949194185370e-01
1.499239239239239296e+00 8.606817973597633564e-01
1.500030030030029771e+00 8.604695998001082868e-01
1.500820820820820689e+00 8.602574022404529952e-01
1.501611611611611607e+00 8.600452046807978146e-01
1.502402402402402304e+00 8.587391204764087682e-01
1.503193193193193000e+00 8.566642998931138786e-01
1.503983983983983919e+00 8.545894793098184339e-01
1.504774774774774615e+00 8.525146587265235443e-01
1.505565565565565311e+00 8.504398381432285436e-01
1.506356356356356230e+00 8.483650175599330989e-01
1.507147147147147148e+00 8.462901969766376542e-01
1.507937937937937845e+00 8.444837837837838590e-01
1.508728728728728541e+00 8.435501145213011309e-01
1.509519519519519459e+00 8.426164452588181808e-01
1.510310310310310156e+00 8.416827759963354527e-01
1.511101101101100852e+00 8.407491067338527246e-01
1.511891891891891770e+00 8.398154374713697745e-01
1.512682682682682689e+00 8.388817682088868244e-01
1.513473473473473385e+00 8.379480989464040963e-01
1.514264264264264082e+00 8.370144296839213682e-01
1.515055055055055000e+00 8.360807604214384181e-01
1.515845845845845696e+00 8.351470911589556900e-01
1.516636636636636393e+00 8.342134218964729619e-01
1.517427427427427311e+00 8.332797526339900118e-01
1.518218218218218230e+00 8.323460833715070617e-01
1.519009009009008926e+00 8.314124141090243336e-01
1.519799799799799622e+00 8.304787448465416055e-01
1.520590590590590541e+00 8.295450755840586554e-01
1.521381381381381237e+00 8.286114063215759273e-01
1.522172172172171933e+00 8.276777370590931993e-01
1.522962962962962852e+00 8.267440677966102491e-01
1.523753753753753770e+00 8.258103985341272990e-01
1.524544544544544467e+00 8.248767292716445709e-01
1.525335335335335163e+00 8.239430600091618428e-01
1.526126126126126081e+00 8.230093907466788927e-01
1.526916916916916778e+00 8.220757214841961646e-01
1.527707707707707474e+00 8.212038687377672952e-01
1.528498498498498392e+00 8.203550784991463507e-01
1.529289289289289311e+00 8.195062882605255172e-01
1.530080080080080007e+00 8.186574980219049058e-01
1.530870870870870704e+00 8.178087077832841834e-01
1.531661661661661622e+00 8.169599175446633499e-01
1.532452452452452318e+00 8.161111273060427385e-01
1.533243243243243015e+00 8.152623370674220160e-01
1.534034034034033933e+00 8.144135468288011825e-01
1.534824824824824852e+00 8.135647565901803491e-01
1.535615615615615548e+00 8.127159663515596266e-01
1.536406406406406244e+00 8.118671761129390152e-01
1.537197197197197163e+00 8.110183858743181817e-01
1.537987987987987859e+00 8.101695956356974593e-01
1.538778778778778555e+00 8.093208053970768479e-01
1.539569569569569474e+00 8.084720151584560144e-01
1.540360360360360392e+00 8.076232249198350699e-01
1.541151151151151089e+00 8.067744346812144585e-01
1.541941941941941785e+00 8.059256444425938470e-01
1.542732732732732703e+00 8.050768542039729025e-01
1.543523523523523400e+00 8.042280639653522911e-01
1.544314314314314096e+00 8.033792737267316797e-01
1.545105105105105014e+00 8.025304834881107352e-01
1.545895895895895933e+00 8.016816932494899017e-01
1.546686686686686629e+00 8.008329030108692903e-01
1.547477477477477326e+00 7.999841127722485679e-01
1.548268268268268244e+00 7.991353225336277344e-01
1.549059059059058940e+00 7.982411055122922150e-01
1.549849849849849637e+00 7.973333715071005967e-01
1.550640640640640555e+00 7.964256375019088674e-01
1.551431431431431474e+00 7.955179034967170271e-01
1.552222222222221948e+00 7.946101694915257418e-01
1.553013013013012866e+00 7.937024354863339015e-01
1.553803803803803785e+00 7.927947014811420612e-01
1.554594594594594481e+00 7.918869674759505539e-01
1.555385385385385177e+00 7.909792334707590467e-01
1.556176176176176096e+00 7.900714994655672063e-01
1.556966966966967014e+00 7.891637654603753660e-01
1.557757757757757489e+00 7.882560314551840808e-01
1.558548548548548407e+00 7.873482974499923515e-01
1.559339339339339325e+00 7.864405634448005111e-01
1.560130130130130022e+00 7.853516567414871030e-01
1.560920920920920718e+00 7.817207207207210740e-01
1.561711711711711636e+00 7.780897846999539347e-01
1.562502502502502333e+00 7.744588486791879056e-01
1.563293293293293029e+00 7.708279126584217655e-01
1.564084084084083948e+00 7.671969766376547373e-01
1.564874874874874866e+00 7.635660406168875980e-01
1.565665665665665562e+00 7.599351045961215689e-01
1.566456456456456259e+00 7.556556344480078735e-01
1.567247247247247177e+00 7.511169644220491159e-01
1.568038038038037874e+00 7.465782943960915796e-01
1.568828828828828570e+00 7.420396243701340433e-01
1.569619619619619488e+00 7.375009543441752857e-01
1.570410410410410407e+00 7.329622843182165282e-01
1.571201201201201103e+00 7.284236142922589918e-01
1.571991991991991799e+00 7.238849442663014555e-01
1.572782782782782718e+00 7.193462742403425869e-01
1.573573573573573414e+00 7.148076042143851616e-01
1.574364364364364111e+00 7.102689341884276253e-01
1.575155155155155029e+00 7.057302641624687567e-01
1.575945945945945947e+00 7.011915941365099991e-01
1.576736736736736644e+00 6.966529241105524628e-01
1.577527527527527340e+00 6.920033592915011411e-01
1.578318318318318259e+00 6.767015574896966257e-01
1.579109109109108955e+00 6.613997556878964401e-01
1.579899899899899651e+00 6.460979538860961435e-01
1.580690690690690570e+00 6.307961520842916281e-01
1.581481481481481488e+00 6.154943502824871127e-01
1.582272272272272184e+00 6.001925484806869271e-01
1.583063063063062881e+00 5.848907466788866305e-01
1.583853853853853799e+00 5.695889448770821151e-01
1.584644644644644496e+00 5.542871430752819295e-01
1.585435435435435192e+00 5.389853412734816329e-01
1.586226226226226110e+00 5.236835394716771175e-01
1.587017017017017029e+00 5.083817376698726020e-01
1.587807807807807725e+00 4.930799358680723610e-01
1.588598598598598421e+00 4.777781340662721199e-01
1.589389389389389340e+00 4.610629867155288109e-01
1.590180180180180036e+00 4.411447091158977041e-01
1.590970970970970733e+00 4.212264315162665973e-01
1.591761761761761651e+00 4.013081539166298839e-01
1.592552552552552569e+00 3.813898763169931705e-01
1.593343343343343266e+00 3.614715987173620082e-01
1.594134134134133962e+00 3.415533211177309014e-01
1.594924924924924881e+00 3.216350435180941880e-01
1.595715715715715577e+00 3.017167659184630812e-01
1.596506506506506273e+00 2.817984883188319190e-01
1.597297297297297192e+00 2.618802107191952055e-01
1.598088088088088110e+00 2.419619331195585199e-01
1.598878878878878806e+00 2.226900671858301761e-01
1.599669669669669503e+00 2.150391662849301944e-01
1.600460460460460421e+00 2.073882653840280477e-01
1.601251251251251118e+00 1.997373644831280659e-01
1.602042042042041814e+00 1.920864635822280841e-01
1.602832832832832732e+00 1.844355626813259652e-01
1.603623623623623651e+00 1.767846617804238463e-01
1.604414414414414347e+00 1.691337608795238645e-01
1.605205205205205043e+00 1.614828599786238827e-01
1.605995995995995962e+00 1.538319590777217361e-01
1.606786786786786658e+00 1.461810581768217543e-01
1.607577577577577355e+00 1.385301572759217725e-01
1.608368368368368273e+00 1.308792563750196536e-01
1.609159159159159191e+00 1.232283554741175347e-01
1.609949949949949666e+00 1.155774545732197039e-01
1.610740740740740584e+00 1.094406779661021567e-01
1.611531531531531503e+00 1.061339326614749862e-01
1.612322322322322199e+00 1.028271873568487454e-01
1.613113113113112895e+00 9.952044205222250473e-02
1.613903903903903814e+00 9.621369674759533419e-02
1.614694694694694732e+00 9.290695144296817753e-02
1.615485485485485206e+00 8.960020613834285275e-02
1.616276276276276125e+00 8.629346083371569609e-02
1.617067067067067043e+00 8.298671552908852556e-02
1.617857857857857740e+00 7.967997022446228483e-02
1.618648648648648436e+00 7.718712780577242916e-02
1.619439439439439354e+00 7.537165979538887339e-02
1.620230230230230273e+00 7.355619178500530375e-02
1.621021021021020747e+00 7.174072377462276107e-02
1.621811811811811666e+00 6.992525576423919142e-02
1.622602602602602584e+00 6.810978775385563566e-02
1.623393393393393280e+00 6.629431974347257950e-02
1.624184184184183977e+00 6.447885173308952333e-02
1.624974974974974895e+00 6.266338372270596757e-02
1.625765765765765591e+00 6.084791571232291141e-02
1.626556556556556288e+00 5.903244770193985524e-02
1.627347347347347206e+00 5.721697969155628560e-02
1.628138138138138125e+00 5.540151168117272984e-02
1.628928928928928821e+00 5.358604367078967368e-02
1.629719719719719517e+00 5.177057566040661751e-02
1.630510510510510436e+00 5.075545884867925517e-02
1.631301301301301132e+00 4.989095027230638912e-02
1.632092092092091828e+00 4.902644169593352308e-02
1.632882882882882747e+00 4.816193311956041417e-02
1.633673673673673665e+00 4.729742454318730527e-02
1.634464464464464362e+00 4.643291596681443228e-02
1.635255255255255058e+00 4.556840739044156624e-02
1.636046046046045976e+00 4.470389881406845733e-02
1.636836836836836673e+00 4.383939023769559129e-02
1.637627627627627369e+00 4.297488166132272525e-02
1.638418418418418288e+00 4.211037308494961634e-02
1.639209209209209206e+00 4.124586450857650743e-02
1.639999999999999902e+00 4.038135593220364139e-02
